input image 1 8 8
layer conv2d 1 2 3 3 1 0 relu
-0.200000 -0.175000 -0.150000
-0.125000 -0.100000 -0.075000
-0.050000 -0.025000 0.000000
0.025000 0.050000 0.075000
0.100000 0.125000 0.150000
0.175000 0.200000 -0.200000
-0.175000 -0.150000
layer avgpool 2 2
layer conv2d 2 3 3 3 1 0 relu
-0.125000 -0.100000 -0.075000
-0.050000 -0.025000 0.000000
0.025000 0.050000 0.075000
0.100000 0.125000 0.150000
0.175000 0.200000 -0.200000
-0.175000 -0.150000 -0.125000
-0.100000 -0.075000 -0.050000
-0.025000 0.000000 0.025000
0.050000 0.075000 0.100000
0.125000 0.150000 0.175000
0.200000 -0.200000 -0.175000
-0.150000 -0.125000 -0.100000
-0.075000 -0.050000 -0.025000
0.000000 0.025000 0.050000
0.075000 0.100000 0.125000
0.150000 0.175000 0.200000
-0.200000 -0.175000 -0.150000
-0.125000 -0.100000 -0.075000
-0.050000 -0.025000 0.000000
layer flatten
layer dense 3 5 relu
0.025000 0.050000 0.075000
0.100000 0.125000 0.150000
0.175000 0.200000 -0.200000
-0.175000 -0.150000 -0.125000
-0.100000 -0.075000 -0.050000
-0.025000 0.000000 0.025000 0.050000 0.075000
layer dense 5 2 linear
0.100000 0.125000 0.150000 0.175000 0.200000
-0.200000 -0.175000 -0.150000 -0.125000 -0.100000
-0.075000 -0.050000
